0 0.419296 0.849507 0.0986311 0.0887228
0 0.532407 0.855397 0.0882048 0.0799029
0 0.863684 0.840613 0.0968403 0.0734345
0 0.310962 0.860835 0.111778 0.141169
0 0.651526 0.849059 0.122386 0.102994
0 0.626287 0.849241 0.0715666 0.0983132
0 0.235765 0.87238 0.107677 0.116023
0 0.292237 0.784541 0.0782302 0.0415081
0 0.362524 0.765735 0.0403193 0.0377035
0 0.945938 0.824293 0.106691 0.102311
0 0.210802 0.887847 0.0587295 0.0757958
0 0.662861 0.775518 0.378114 0.127839
0 0.73775 0.763329 0.065213 0.0430145
