0 0.420627 0.216161 0.0748008 0.10538
0 0.86928 0.312836 0.166924 0.227204
0 0.236471 0.221858 0.112598 0.137332
0 0.0131069 0.216059 0.0259098 0.0813208
0 0.708586 0.178231 0.0632518 0.103665
0 0.0407865 0.144013 0.081573 0.115916
0 0.987238 0.220908 0.0247656 0.0477052
0 0.500719 0.180366 0.0606922 0.0584875
0 0.568128 0.326516 0.217576 0.222762
0 0.617699 0.745031 0.599995 0.339947
0 0.609624 0.679541 0.619453 0.467918
0 0.345155 0.206146 0.0460038 0.0685571
0 0.17111 0.209893 0.0808479 0.12199